2
5
7
8
10
12
14
15
18
20
21
23
25
27
29
30
33
34
36
38
39
41
43
45
46
47
49
51
53
54
55
57
59
60
62
63
63
66
67
69
71
71
73
74
77
77
79
80
82
83
84
85
87
89
90
91
93
93
95
95
97
99
99
100
102
103
103
105
106
108
109
110
111
112
113
114
115
117
118
118
119
121
121
123
123
124
126
127
127
129
130
131
131
133
133
135
136
137
137
138
139
141
141
142
142
143
144
145
146
147
148
149
149
150
151
151
153
153
153
155
155
156
157
158
159
159
159
161
161
163
163
164
165
165
166
165
167
167
168
169
170
171
171
171
172
173
173
173
174
175
176
176
177
177
178
178
179
180
180
181
181
182
182
183
184
185
184
185
186
186
187
187
188
188
188
189
189
190
190
190
191
191
192
193
193
194
195
195
195
196
196
197
196
197
197
198
198
199
200
199
200
201
201
202
201
202
202
203
203
204
204
205
205
205
205
205
207
207
207
208
207
209
208
209
209
209
209
210
211
210
211
211
212
212
212
212
212
213
213
214
213
214
214
214
215
215
216
215
216
216
217
217
217
217
218
218
219
219
219
219
219
219
220
220
220
221
221
221
221
221
222
221
222
223
222
222
223
223
224
223
223
224
225
224
225
225
225
225
225
226
225
227
227
227
227
227
228
227
228
227
228
228
228
228
229
229
229
229
229
229
230
229
230
230
230
231
231
231
231
231
231
231
231
231
232
232
233
232
232
232
233
233
233
234
234
234
234
234
234
234
233
234
234
234
234
234
235
235
235
235
235
235
236
236
236
236
237
237
237
236
237
237
237
237
237
237
237
237
237
238
238
238
239
237
239
239
238
238
238
239
238
238
239
238
239
239
239
240
240
239
240
239
240
240
240
240
240
241
240
240
241
240
241
241
241
241
241
241
241
241
241
241
241
241
242
242
242
241
241
242
243
242
242
242
243
243
243
242
243
243
242
243
243
243
243
243
243
243
244
244
243
244
243
244
243
244
244
244
244
244
244
243
245
244
245
244
244
245
245
244
245
244
244
245
244
245
245
245
245
245
246
245
246
245
246
245
246
245
246
246
245
245
246
245
246
246
245
246
246
246
245
246
246
246
246
246
246
246
247
246
246
247
247
246
246
246
247
247
246
246
247
247
247
247
247
247
247
247
247
247
248
246
247
247
247
247
248
247
247
247
247
248
247
248
248
247
249
245
244
242
240
238
236
233
232
231
228
228
225
224
222
220
218
217
215
214
212
210
208
206
205
204
202
200
199
197
196
194
192
192
190
188
187
186
184
183
181
180
178
177
176
175
173
172
170
169
168
166
165
164
162
162
160
158
157
156
155
154
152
152
150
149
148
147
146
145
144
142
141
140
140
138
137
136
135
134
133
132
131
130
129
128
128
126
125
124
123
122
121
120
120
118
117
116
115
114
113
112
112
110
110
109
108
108
107
106
105
104
103
103
102
101
101
100
99
98
98
96
97
96
95
93
93
93
92
91
90
89
89
88
88
87
85
86
84
84
84
84
82
82
81
80
80
80
79
78
78
77
76
76
75
74
75
74
73
72
72
71
70
70
69
69
68
68
68
68
66
66
66
65
64
64
64
63
63
62
62
61
61
60
60
60
60
59
58
58
58
57
57
57
56
56
55
55
54
53
54
53
52
52
51
51
51
50
50
49
49
49
49
48
48
47
47
47
46
46
46
45
45
45
45
44
44
43
43
43
42
42
42
42
41
41
40
41
40
40
40
39
38
38
38
38
38
37
37
37
36
36
36
35
36
35
35
34
34
35
34
34
34
33
33
33
33
32
32
31
32
31
31
30
30
30
30
30
29
30
29
29
28
29
27
28
27
27
27
26
26
27
26
26
26
26
26
26
25
25
25
25
24
24
24
24
24
24
24
23
23
23
23
22
22
22
23
21
21
21
21
21
21
21
20
20
20
19
20
20
20
20
20
20
20
19
19
18
19
19
19
18
18
18
18
17
18
18
17
17
17
17
16
17
17
16
17
16
16
17
16
15
15
16
16
16
15
15
15
15
15
14
15
14
14
14
14
14
13
14
13
13
13
13
14
13
13
13
12
13
13
12
12
12
13
12
12
12
13
12
12
11
11
11
11
12
12
11
11
11
11
10
11
10
11
10
10
11
11
11
11
10
10
10
10
9
9
10
9
9
9
10
10
9
10
9
9
9
9
9
9
9
9
8
9
8
9
8
8
8
8
8
8
8
7
8
8
7
8
7
8
7
7
8
7
7
7
7
7
7
7
7
6
7
6
7
7
6
6
7
7
6
7
7
6
6
6
7
7
6
6
6
6
5
